 -0.995 1.50972
 -0.99 2.55787
 -0.985 1.42638
 -0.98 1.5774
 -0.975 1.73701
 -0.97 1.92285
 -0.965 1.73613
 -0.96 1.3668
 -0.955 1.26136
 -0.95 1.05972
 -0.945 1.34489
 -0.94 1.32045
 -0.935 1.31088
 -0.93 1.18351
 -0.925 1.39242
 -0.92 1.1416
 -0.915 0.948919
 -0.91 0.981905
 -0.905 1.49586
 -0.9 0.961511
 -0.895 1.19748
 -0.89 0.701239
 -0.885 0.540318
 -0.88 1.10336
 -0.875 0.80297
 -0.87 0.371765
 -0.865 0.898362
 -0.86 0.347063
 -0.855 0.330013
 -0.85 0.266405
 -0.845 0.166312
 -0.84 0.22903
 -0.835 -0.354296
 -0.83 0.170568
 -0.825 -0.800325
 -0.82 -0.137432
 -0.815 -0.538373
 -0.81 -0.132791
 -0.805 -0.641386
 -0.8 -0.146099
 -0.795 -0.684999
 -0.79 -0.824277
 -0.785 -0.52646
 -0.78 -0.783576
 -0.775 -0.897646
 -0.77 -0.970896
 -0.765 -0.614197
 -0.76 -1.07923
 -0.755 -1.02751
 -0.75 -1.23352
 -0.745 -1.16783
 -0.74 -1.41036
 -0.735 -1.07701
 -0.73 -1.20901
 -0.725 -1.08959
 -0.72 -1.32181
 -0.715 -1.35242
 -0.71 -1.44453
 -0.705 -1.08728
 -0.7 -1.63781
 -0.695 -1.75428
 -0.69 -1.60741
 -0.685 -1.85491
 -0.68 -2.17363
 -0.675 -1.99488
 -0.67 -2.02164
 -0.665 -1.74984
 -0.66 -1.76536
 -0.655 -2.02003
 -0.65 -1.91824
 -0.645 -2.28402
 -0.64 -2.07279
 -0.635 -2.1596
 -0.63 -1.88277
 -0.625 -1.85183
 -0.62 -2.2941
 -0.615 -2.72477
 -0.61 -2.14171
 -0.605 -1.82132
 -0.6 -1.84757
 -0.595 -2.00152
 -0.59 -1.89759
 -0.585 -2.47809
 -0.58 -2.57705
 -0.575 -2.06133
 -0.57 -2.24225
 -0.565 -2.54652
 -0.56 -1.97162
 -0.555 -1.75975
 -0.55 -2.08389
 -0.545 -2.06424
 -0.54 -2.09508
 -0.535 -2.32652
 -0.53 -2.08799
 -0.525 -1.8153
 -0.52 -2.39048
 -0.515 -1.73526
 -0.51 -1.61626
 -0.505 -1.98875
 -0.5 -1.96515
 -0.495 -1.48533
 -0.49 -1.71849
 -0.485 -1.68949
 -0.48 -1.82819
 -0.475 -1.98676
 -0.47 -1.83425
 -0.465 -1.52882
 -0.46 -1.88301
 -0.455 -1.56898
 -0.45 -1.73107
 -0.445 -1.86155
 -0.44 -0.917827
 -0.435 -1.09215
 -0.43 -1.35972
 -0.425 -0.897239
 -0.42 -1.15882
 -0.415 -0.983256
 -0.41 -0.936175
 -0.405 -0.913342
 -0.4 -0.938053
 -0.395 -0.882375
 -0.39 -1.0323
 -0.385 -0.3972
 -0.38 -0.774809
 -0.375 -0.631922
 -0.37 -0.874788
 -0.365 -0.47622
 -0.36 0.0320927
 -0.355 -0.683683
 -0.35 -0.0651737
 -0.345 -0.652264
 -0.34 0.016848
 -0.335 0.386473
 -0.33 0.0313823
 -0.325 -0.283265
 -0.32 0.647972
 -0.315 -0.113787
 -0.31 0.0680464
 -0.305 0.469819
 -0.3 0.519018
 -0.295 0.451191
 -0.29 0.617386
 -0.285 0.739396
 -0.28 0.623618
 -0.275 0.819434
 -0.27 0.693291
 -0.265 0.712311
 -0.26 0.778141
 -0.255 1.01726
 -0.25 0.751737
 -0.245 0.905301
 -0.24 1.13773
 -0.235 1.33904
 -0.23 1.22703
 -0.225 1.34304
 -0.22 1.20889
 -0.215 0.994079
 -0.21 1.32061
 -0.205 1.37377
 -0.2 2.02882
 -0.195 1.95367
 -0.19 1.8443
 -0.185 2.10159
 -0.18 1.80101
 -0.175 1.64562
 -0.17 2.11188
 -0.165 1.68715
 -0.16 1.69085
 -0.155 2.12027
 -0.15 1.81362
 -0.145 1.7041
 -0.14 1.80725
 -0.135 1.87675
 -0.13 1.67911
 -0.125 1.88834
 -0.12 2.28752
 -0.115 2.79523
 -0.11 1.98375
 -0.105 2.35158
 -0.1 2.71593
 -0.095 2.18493
 -0.09 2.08144
 -0.085 2.26171
 -0.08 2.26235
 -0.075 1.95231
 -0.07 2.23013
 -0.065 2.01297
 -0.06 1.85421
 -0.055 2.20937
 -0.05 2.43184
 -0.045 2.32761
 -0.04 2.13285
 -0.035 2.32509
 -0.03 2.41787
 -0.025 2.02967
 -0.02 1.94931
 -0.015 2.23487
 -0.01 1.99059
 -0.005 2.52345
 0 1.54189
 0.005 1.44856
 0.01 1.54181
 0.015 1.86449
 0.02 1.76584
 0.025 1.67049
 0.03 1.97966
 0.035 1.60836
 0.04 1.76257
 0.045 2.048
 0.05 1.8577
 0.055 1.31296
 0.06 2.07278
 0.065 1.6446
 0.07 1.36734
 0.075 0.921975
 0.08 1.69461
 0.085 1.09144
 0.09 1.03082
 0.095 1.01279
 0.1 1.0098
 0.105 1.54292
 0.11 1.22106
 0.115 0.726614
 0.12 1.16222
 0.125 0.513876
 0.13 0.23275
 0.135 0.348923
 0.14 0.235857
 0.145 0.312518
 0.15 0.260921
 0.155 0.46071
 0.16 -0.0675302
 0.165 0.375008
 0.17 -0.0860715
 0.175 0.0902799
 0.18 0.419295
 0.185 -0.160438
 0.19 -0.119475
 0.195 -0.546554
 0.2 -0.3369
 0.205 -0.710815
 0.21 -0.592951
 0.215 -0.820459
 0.22 -0.647159
 0.225 -1.004
 0.23 -0.547306
 0.235 -0.789222
 0.24 -1.31626
 0.245 -1.58141
 0.25 -1.50619
 0.255 -1.39499
 0.26 -1.17722
 0.265 -1.11675
 0.27 -1.65139
 0.275 -1.88162
 0.28 -1.54732
 0.285 -1.96326
 0.29 -1.57364
 0.295 -1.89843
 0.3 -1.46632
 0.305 -1.83809
 0.31 -1.67148
 0.315 -2.02424
 0.32 -1.25591
 0.325 -1.79052
 0.33 -1.93746
 0.335 -2.28862
 0.34 -1.82301
 0.345 -2.28589
 0.35 -2.33844
 0.355 -2.22893
 0.36 -2.24292
 0.365 -2.25459
 0.37 -1.59233
 0.375 -1.91657
 0.38 -1.72255
 0.385 -2.94945
 0.39 -2.24291
 0.395 -2.21695
 0.4 -2.27877
 0.405 -1.69511
 0.41 -2.3505
 0.415 -2.44181
 0.42 -2.1046
 0.425 -2.57261
 0.43 -1.70784
 0.435 -1.88782
 0.44 -1.48417
 0.445 -2.00754
 0.45 -2.10075
 0.455 -1.7767
 0.46 -2.09175
 0.465 -2.12011
 0.47 -2.37731
 0.475 -2.30417
 0.48 -2.05876
 0.485 -1.8228
 0.49 -1.69958
 0.495 -2.15935
 0.5 -2.07246
 0.505 -2.16183
 0.51 -2.2352
 0.515 -1.73513
 0.52 -1.8728
 0.525 -1.34112
 0.53 -1.8282
 0.535 -1.3919
 0.54 -1.76122
 0.545 -1.42428
 0.55 -1.14112
 0.555 -1.51495
 0.56 -1.34151
 0.565 -2.14296
 0.57 -1.43928
 0.575 -1.18144
 0.58 -1.15065
 0.585 -0.626251
 0.59 -0.962799
 0.595 -1.00447
 0.6 -0.785366
 0.605 -1.26688
 0.61 -0.955656
 0.615 -0.601741
 0.62 -0.755269
 0.625 -1.33752
 0.63 -0.335848
 0.635 -0.896139
 0.64 -0.796788
 0.645 -0.222233
 0.65 -0.35442
 0.655 -0.446666
 0.66 -0.617858
 0.665 -0.261634
 0.67 -0.662021
 0.675 0.169688
 0.68 0.109711
 0.685 -0.190483
 0.69 0.210719
 0.695 1.2195
 0.7 0.473471
 0.705 0.593751
 0.71 1.02452
 0.715 0.724018
 0.72 0.677193
 0.725 0.761476
 0.73 0.900199
 0.735 1.18962
 0.74 1.02168
 0.745 1.34523
 0.75 1.02191
 0.755 1.36303
 0.76 1.01794
 0.765 1.48766
 0.77 0.935862
 0.775 1.20746
 0.78 1.24599
 0.785 1.99161
 0.79 1.19792
 0.795 1.17941
 0.8 1.6797
 0.805 1.28405
 0.81 1.37638
 0.815 1.87535
 0.82 1.86127
 0.825 2.21865
 0.83 1.96856
 0.835 2.32128
 0.84 2.16493
 0.845 2.44612
 0.85 2.02686
 0.855 1.3913
 0.86 1.84922
 0.865 1.99243
 0.87 2.14758
 0.875 1.97075
 0.88 2.28864
 0.885 2.21913
 0.89 2.74386
 0.895 1.78888
 0.9 2.18415
 0.905 2.08064
 0.91 2.57534
 0.915 2.36013
 0.92 2.44204
 0.925 2.16565
 0.93 2.46989
 0.935 2.64817
 0.94 1.97567
 0.945 1.90308
 0.95 2.18324
 0.955 1.94174
 0.96 2.5016
 0.965 2.0319
 0.97 1.76304
 0.975 2.09627
 0.98 1.81193
 0.985 1.58231
 0.99 2.11215
 0.995 1.79357
 1 2.04413
