 -0.995 -2.23704
 -0.99 -2.85671
 -0.985 -3.15396
 -0.98 -2.72725
 -0.975 -3.02246
 -0.97 -2.91463
 -0.965 -2.05968
 -0.96 -2.64639
 -0.955 -2.08132
 -0.95 -3.38527
 -0.945 -2.61974
 -0.94 -3.29985
 -0.935 -2.55391
 -0.93 -3.24182
 -0.925 -2.33516
 -0.92 -2.02016
 -0.915 -2.76418
 -0.91 -2.39786
 -0.905 -1.97058
 -0.9 -2.0797
 -0.895 -2.43193
 -0.89 -3.43975
 -0.885 -2.70137
 -0.88 -3.61208
 -0.875 -2.62713
 -0.87 -1.85714
 -0.865 -2.08543
 -0.86 -0.896569
 -0.855 -2.45061
 -0.85 -1.89213
 -0.845 -2.23256
 -0.84 -2.84087
 -0.835 -2.23969
 -0.83 -2.58001
 -0.825 -2.77012
 -0.82 -2.55696
 -0.815 -2.29341
 -0.81 -0.564274
 -0.805 -2.44451
 -0.8 -2.5185
 -0.795 -2.51339
 -0.79 -2.0552
 -0.785 -1.34051
 -0.78 -2.69988
 -0.775 -3.44984
 -0.77 -2.00166
 -0.765 -1.3252
 -0.76 -3.34403
 -0.755 -1.40467
 -0.75 -1.08808
 -0.745 -1.70483
 -0.74 -2.95562
 -0.735 -1.73782
 -0.73 -1.38084
 -0.725 -1.18942
 -0.72 -1.23191
 -0.715 -1.18565
 -0.71 -0.918313
 -0.705 -2.28012
 -0.7 -0.907565
 -0.695 -2.54925
 -0.69 -1.42937
 -0.685 -1.23133
 -0.68 -0.735727
 -0.675 -1.94549
 -0.67 -1.21436
 -0.665 -0.487074
 -0.66 -1.01634
 -0.655 -0.763277
 -0.65 -1.19942
 -0.645 -1.50106
 -0.64 -0.502776
 -0.635 -0.706554
 -0.63 -0.379537
 -0.625 -1.26722
 -0.62 -0.924293
 -0.615 -0.291531
 -0.61 -1.51968
 -0.605 -0.502541
 -0.6 -0.519246
 -0.595 0.167048
 -0.59 0.455527
 -0.585 0.0994724
 -0.58 -1.32186
 -0.575 -1.58884
 -0.57 -1.37223
 -0.565 -0.0924342
 -0.56 -0.805019
 -0.555 -1.09017
 -0.55 -0.51962
 -0.545 -0.428939
 -0.54 -1.14288
 -0.535 -0.270337
 -0.53 -0.898619
 -0.525 -0.705271
 -0.52 0.378479
 -0.515 -0.443613
 -0.51 -0.500796
 -0.505 0.859151
 -0.5 0.616607
 -0.495 0.301756
 -0.49 0.268787
 -0.485 -0.422064
 -0.48 -0.245547
 -0.475 0.675167
 -0.47 0.280819
 -0.465 -0.0393638
 -0.46 1.5683
 -0.455 0.0125778
 -0.45 0.00583222
 -0.445 0.150215
 -0.44 -0.94444
 -0.435 0.841166
 -0.43 1.20156
 -0.425 0.929133
 -0.42 -0.0744168
 -0.415 -0.0604413
 -0.41 1.24857
 -0.405 0.381378
 -0.4 1.49597
 -0.395 0.161688
 -0.39 1.20273
 -0.385 0.340945
 -0.38 0.636452
 -0.375 0.588453
 -0.37 1.78399
 -0.365 1.55036
 -0.36 1.22345
 -0.355 1.91639
 -0.35 0.605609
 -0.345 0.187366
 -0.34 1.51423
 -0.335 1.3246
 -0.33 1.36436
 -0.325 0.80313
 -0.32 1.81792
 -0.315 1.72674
 -0.31 0.668026
 -0.305 1.46851
 -0.3 2.25355
 -0.295 1.50556
 -0.29 2.80899
 -0.285 1.66878
 -0.28 1.50942
 -0.275 0.919554
 -0.27 1.73187
 -0.265 2.10826
 -0.26 2.91192
 -0.255 1.32316
 -0.25 1.71234
 -0.245 1.91362
 -0.24 2.09655
 -0.235 2.1811
 -0.23 2.83826
 -0.225 2.4036
 -0.22 1.66743
 -0.215 3.47104
 -0.21 1.72398
 -0.205 2.33397
 -0.2 2.99881
 -0.195 3.06319
 -0.19 1.54508
 -0.185 2.07002
 -0.18 1.73086
 -0.175 2.13323
 -0.17 2.14492
 -0.165 1.49478
 -0.16 2.5058
 -0.155 2.54991
 -0.15 2.19985
 -0.145 2.06734
 -0.14 2.14962
 -0.135 1.03975
 -0.13 1.68203
 -0.125 1.85563
 -0.12 2.50835
 -0.115 2.56599
 -0.11 2.19456
 -0.105 2.81025
 -0.1 2.62415
 -0.095 2.99727
 -0.09 2.473
 -0.085 2.56452
 -0.08 2.89089
 -0.075 2.54654
 -0.07 3.17932
 -0.065 2.17278
 -0.06 2.82951
 -0.055 2.47126
 -0.05 2.82875
 -0.045 2.07248
 -0.04 3.05846
 -0.035 1.13996
 -0.03 2.17301
 -0.025 3.89055
 -0.02 3.58814
 -0.015 2.63849
 -0.01 1.9933
 -0.005 2.24983
 0 2.18971
 0.005 2.93623
 0.01 3.58581
 0.015 2.51581
 0.02 2.5631
 0.025 2.49657
 0.03 3.33797
 0.035 2.41654
 0.04 2.76884
 0.045 1.97217
 0.05 3.00963
 0.055 1.81448
 0.06 2.82818
 0.065 1.98362
 0.07 4.41039
 0.075 2.67796
 0.08 2.03119
 0.085 2.38752
 0.09 3.26207
 0.095 2.49448
 0.1 1.53557
 0.105 2.9429
 0.11 2.32712
 0.115 1.8673
 0.12 3.25936
 0.125 2.52018
 0.13 1.74645
 0.135 3.3614
 0.14 3.01889
 0.145 1.54612
 0.15 2.45348
 0.155 2.76643
 0.16 1.82274
 0.165 2.50214
 0.17 2.16539
 0.175 2.08891
 0.18 1.57306
 0.185 2.98066
 0.19 2.43893
 0.195 2.1029
 0.2 2.22365
 0.205 2.93144
 0.21 1.91668
 0.215 1.61494
 0.22 2.24485
 0.225 2.52048
 0.23 1.71981
 0.235 1.15292
 0.24 0.866979
 0.245 1.18782
 0.25 2.75956
 0.255 2.40322
 0.26 1.07755
 0.265 1.63679
 0.27 1.9058
 0.275 1.29169
 0.28 1.85554
 0.285 1.19546
 0.29 0.926247
 0.295 0.985087
 0.3 1.8955
 0.305 1.23586
 0.31 1.23109
 0.315 1.40515
 0.32 0.807721
 0.325 1.03515
 0.33 1.71701
 0.335 1.88434
 0.34 1.23439
 0.345 1.35449
 0.35 0.715629
 0.355 0.855146
 0.36 0.863154
 0.365 1.38417
 0.37 0.883966
 0.375 1.68235
 0.38 0.344154
 0.385 1.1004
 0.39 0.493086
 0.395 0.858039
 0.4 0.876019
 0.405 -0.523014
 0.41 0.600598
 0.415 0.270243
 0.42 1.8273
 0.425 1.23478
 0.43 0.46797
 0.435 0.17935
 0.44 0.356876
 0.445 0.591076
 0.45 1.01946
 0.455 0.312194
 0.46 0.829428
 0.465 0.106898
 0.47 0.937694
 0.475 -0.0631599
 0.48 -0.502369
 0.485 0.806931
 0.49 0.641508
 0.495 -0.27155
 0.5 -0.353828
 0.505 0.787987
 0.51 -0.264268
 0.515 -0.00522167
 0.52 0.53204
 0.525 -0.184208
 0.53 -0.81778
 0.535 -0.449173
 0.54 0.368802
 0.545 -0.788614
 0.55 0.277969
 0.555 -0.541893
 0.56 -1.06827
 0.565 -1.06287
 0.57 -0.0214976
 0.575 -0.407553
 0.58 -0.48414
 0.585 -1.57547
 0.59 -0.00873777
 0.595 -0.8432
 0.6 -0.553814
 0.605 -0.0367013
 0.61 -1.57903
 0.615 -0.661899
 0.62 -1.75471
 0.625 -2.14873
 0.63 -0.258573
 0.635 -1.024
 0.64 -0.848349
 0.645 -1.74694
 0.65 -0.967976
 0.655 -1.68972
 0.66 -0.962269
 0.665 -1.80641
 0.67 -1.09856
 0.675 0.274914
 0.68 -0.893851
 0.685 -1.70889
 0.69 -1.60246
 0.695 -2.40533
 0.7 -1.46264
 0.705 -0.926446
 0.71 -0.899458
 0.715 -2.00696
 0.72 -1.43675
 0.725 -1.50473
 0.73 -1.68576
 0.735 -2.17312
 0.74 -2.21426
 0.745 -1.80676
 0.75 -2.08972
 0.755 -2.1238
 0.76 -1.57611
 0.765 -1.4944
 0.77 -1.98363
 0.775 -1.79071
 0.78 -1.25443
 0.785 -2.37966
 0.79 -1.83203
 0.795 -1.77868
 0.8 -2.25012
 0.805 -2.26835
 0.81 -2.16217
 0.815 -2.62643
 0.82 -1.31167
 0.825 -2.21378
 0.83 -2.69657
 0.835 -2.45216
 0.84 -1.40372
 0.845 -3.36872
 0.85 -2.00358
 0.855 -1.82396
 0.86 -1.90537
 0.865 -3.19331
 0.87 -1.31095
 0.875 -2.58505
 0.88 -2.2435
 0.885 -2.80368
 0.89 -2.47549
 0.895 -3.28288
 0.9 -2.69192
 0.905 -2.96722
 0.91 -2.66074
 0.915 -2.30379
 0.92 -2.48227
 0.925 -1.95721
 0.93 -2.47298
 0.935 -4.1821
 0.94 -2.84936
 0.945 -1.89057
 0.95 -1.93814
 0.955 -1.38341
 0.96 -3.02462
 0.965 -1.78044
 0.97 -2.48611
 0.975 -2.1678
 0.98 -2.40484
 0.985 -2.33787
 0.99 -2.46258
 0.995 -2.86361
 1 -4.02667
