 -9.9500000e-001  1.0795235e+000
 -9.9000000e-001  1.3196812e+000
 -9.8500000e-001  1.0520440e+000
 -9.8000000e-001  1.0327817e+000
 -9.7500000e-001  1.1901144e+000
 -9.7000000e-001  9.9353871e-001
 -9.6500000e-001  7.9395922e-001
 -9.6000000e-001  9.0866326e-001
 -9.5500000e-001  1.1033631e+000
 -9.5000000e-001  8.5091026e-001
 -9.4500000e-001  1.1908619e+000
 -9.4000000e-001  1.0191243e+000
 -9.3500000e-001  9.9704949e-001
 -9.3000000e-001  1.0336203e+000
 -9.2500000e-001  9.6184706e-001
 -9.2000000e-001  8.8183674e-001
 -9.1500000e-001  1.0349536e+000
 -9.1000000e-001  1.1552468e+000
 -9.0500000e-001  1.2010127e+000
 -9.0000000e-001  8.4563522e-001
 -8.9500000e-001  1.0671733e+000
 -8.9000000e-001  7.8676309e-001
 -8.8500000e-001  1.1296184e+000
 -8.8000000e-001  9.3201604e-001
 -8.7500000e-001  9.5668529e-001
 -8.7000000e-001  1.1747329e+000
 -8.6500000e-001  5.9958253e-001
 -8.6000000e-001  9.2176458e-001
 -8.5500000e-001  7.3505387e-001
 -8.5000000e-001  6.5725994e-001
 -8.4500000e-001  9.7937647e-001
 -8.4000000e-001  8.1562025e-001
 -8.3500000e-001  8.0813272e-001
 -8.3000000e-001  8.7335349e-001
 -8.2500000e-001  7.8733780e-001
 -8.2000000e-001  7.5993454e-001
 -8.1500000e-001  9.6751671e-001
 -8.1000000e-001  7.0488309e-001
 -8.0500000e-001  7.7939528e-001
 -8.0000000e-001  8.8301189e-001
 -7.9500000e-001  6.7928059e-001
 -7.9000000e-001  7.8890572e-001
 -7.8500000e-001  8.7456606e-001
 -7.8000000e-001  7.9367049e-001
 -7.7500000e-001  1.1475162e+000
 -7.7000000e-001  5.5417413e-001
 -7.6500000e-001  8.9316002e-001
 -7.6000000e-001  8.4563795e-001
 -7.5500000e-001  5.9304364e-001
 -7.5000000e-001  6.1910728e-001
 -7.4500000e-001  7.0576237e-001
 -7.4000000e-001  6.8269585e-001
 -7.3500000e-001  6.6146453e-001
 -7.3000000e-001  4.2752379e-001
 -7.2500000e-001  9.0483904e-001
 -7.2000000e-001  5.6707632e-001
 -7.1500000e-001  6.3943548e-001
 -7.1000000e-001  6.5596776e-001
 -7.0500000e-001  7.3832326e-001
 -7.0000000e-001  6.6430566e-001
 -6.9500000e-001  6.1182120e-001
 -6.9000000e-001  3.5200554e-001
 -6.8500000e-001  6.9445841e-001
 -6.8000000e-001  7.7488145e-001
 -6.7500000e-001  3.0681098e-001
 -6.7000000e-001  2.7890686e-001
 -6.6500000e-001  4.8425224e-001
 -6.6000000e-001  4.9397259e-001
 -6.5500000e-001  3.4144383e-001
 -6.5000000e-001  3.6929447e-001
 -6.4500000e-001  4.3570819e-001
 -6.4000000e-001  2.3922398e-001
 -6.3500000e-001  5.2147028e-001
 -6.3000000e-001  4.0608487e-001
 -6.2500000e-001  4.0505501e-001
 -6.2000000e-001  6.0750311e-001
 -6.1500000e-001  2.3688729e-001
 -6.1000000e-001  5.7127952e-001
 -6.0500000e-001  4.8216765e-001
 -6.0000000e-001  2.8401887e-001
 -5.9500000e-001  3.4121289e-001
 -5.9000000e-001  4.9192674e-001
 -5.8500000e-001  3.1297522e-001
 -5.8000000e-001  3.2003784e-001
 -5.7500000e-001  2.9325845e-001
 -5.7000000e-001  2.0722773e-001
 -5.6500000e-001  4.0000486e-001
 -5.6000000e-001  3.3412323e-001
 -5.5500000e-001  4.3024622e-001
 -5.5000000e-001  9.4589196e-002
 -5.4500000e-001  2.2567119e-001
 -5.4000000e-001  2.3631086e-001
 -5.3500000e-001  1.4275505e-001
 -5.3000000e-001  2.9102937e-001
 -5.2500000e-001  1.7283184e-001
 -5.2000000e-001 -1.0340757e-001
 -5.1500000e-001 -1.9943754e-002
 -5.1000000e-001 -7.7488150e-002
 -5.0500000e-001  6.8814131e-002
 -5.0000000e-001 -7.6015796e-002
 -4.9500000e-001 -3.3126938e-001
 -4.9000000e-001 -1.3111342e-001
 -4.8500000e-001  1.7041001e-001
 -4.8000000e-001 -1.1226134e-001
 -4.7500000e-001  3.2682178e-001
 -4.7000000e-001 -3.3934915e-001
 -4.6500000e-001 -1.9018308e-001
 -4.6000000e-001 -4.3249833e-002
 -4.5500000e-001  8.2989230e-002
 -4.5000000e-001 -2.2472095e-001
 -4.4500000e-001 -2.4639145e-001
 -4.4000000e-001 -2.0922708e-003
 -4.3500000e-001 -1.9664835e-001
 -4.3000000e-001 -1.0587315e-001
 -4.2500000e-001 -4.8830830e-002
 -4.2000000e-001 -2.0295446e-001
 -4.1500000e-001 -1.0220738e-001
 -4.1000000e-001 -1.6421846e-001
 -4.0500000e-001 -4.9197734e-001
 -4.0000000e-001 -3.8539570e-001
 -3.9500000e-001 -2.4065005e-001
 -3.9000000e-001 -6.3238172e-001
 -3.8500000e-001 -4.6754282e-001
 -3.8000000e-001 -7.3470751e-001
 -3.7500000e-001 -4.8158828e-001
 -3.7000000e-001 -4.1436479e-001
 -3.6500000e-001 -3.6650244e-001
 -3.6000000e-001 -5.1337863e-001
 -3.5500000e-001 -9.0100086e-001
 -3.5000000e-001 -2.2133426e-001
 -3.4500000e-001 -5.2903513e-001
 -3.4000000e-001 -2.6753938e-001
 -3.3500000e-001 -6.9844500e-001
 -3.3000000e-001 -3.7344592e-001
 -3.2500000e-001 -4.4124794e-001
 -3.2000000e-001 -6.0557983e-001
 -3.1500000e-001 -1.8446050e-001
 -3.1000000e-001 -2.5901149e-001
 -3.0500000e-001 -4.5541218e-001
 -3.0000000e-001 -5.8313580e-001
 -2.9500000e-001 -5.1930947e-001
 -2.9000000e-001 -5.1031883e-001
 -2.8500000e-001 -7.1375041e-001
 -2.8000000e-001 -6.7658663e-001
 -2.7500000e-001 -4.2188778e-001
 -2.7000000e-001 -5.1022306e-001
 -2.6500000e-001 -6.2749935e-001
 -2.6000000e-001 -8.0710918e-001
 -2.5500000e-001 -7.6959161e-001
 -2.5000000e-001 -5.7698679e-001
 -2.4500000e-001 -6.6400784e-001
 -2.4000000e-001 -7.4102425e-001
 -2.3500000e-001 -6.2723596e-001
 -2.3000000e-001 -1.0189063e+000
 -2.2500000e-001 -5.7842214e-001
 -2.2000000e-001 -7.7959184e-001
 -2.1500000e-001 -8.3930845e-001
 -2.1000000e-001 -6.9872297e-001
 -2.0500000e-001 -7.0314770e-001
 -2.0000000e-001 -6.5608882e-001
 -1.9500000e-001 -6.7798421e-001
 -1.9000000e-001 -6.4279322e-001
 -1.8500000e-001 -8.7323032e-001
 -1.8000000e-001 -9.5046531e-001
 -1.7500000e-001 -9.4171383e-001
 -1.7000000e-001 -9.0008859e-001
 -1.6500000e-001 -6.8220441e-001
 -1.6000000e-001 -1.1086420e+000
 -1.5500000e-001 -9.4177968e-001
 -1.5000000e-001 -8.4974179e-001
 -1.4500000e-001 -7.7410444e-001
 -1.4000000e-001 -1.0517189e+000
 -1.3500000e-001 -9.2704780e-001
 -1.3000000e-001 -8.9857727e-001
 -1.2500000e-001 -9.1449799e-001
 -1.2000000e-001 -8.7403287e-001
 -1.1500000e-001 -9.5103841e-001
 -1.1000000e-001 -1.0453971e+000
 -1.0500000e-001 -1.0041088e+000
 -1.0000000e-001 -9.4863646e-001
 -9.5000000e-002 -7.5041125e-001
 -9.0000000e-002 -8.9776209e-001
 -8.5000000e-002 -9.5424629e-001
 -8.0000000e-002 -9.2445506e-001
 -7.5000000e-002 -9.0147501e-001
 -7.0000000e-002 -7.0850656e-001
 -6.5000000e-002 -9.4013626e-001
 -6.0000000e-002 -7.5567809e-001
 -5.5000000e-002 -9.3756406e-001
 -5.0000000e-002 -8.6716743e-001
 -4.5000000e-002 -9.0289262e-001
 -4.0000000e-002 -7.2532703e-001
 -3.5000000e-002 -1.1346722e+000
 -3.0000000e-002 -1.1330628e+000
 -2.5000000e-002 -9.4051646e-001
 -2.0000000e-002 -8.6155976e-001
 -1.5000000e-002 -9.7575239e-001
 -1.0000000e-002 -1.0298462e+000
 -5.0000000e-003 -7.7657049e-001
  0.0000000e+000 -1.0932458e+000
  5.0000000e-003 -6.4189325e-001
  1.0000000e-002 -2.0018261e-001
  1.5000000e-002 -2.0312603e+000
  2.0000000e-002 -1.3698425e+000
  2.5000000e-002 -9.0882508e-001
  3.0000000e-002 -7.3164255e-001
  3.5000000e-002 -1.2705373e+000
  4.0000000e-002 -8.4297478e-001
  4.5000000e-002 -1.6033271e+000
  5.0000000e-002 -1.0825264e+000
  5.5000000e-002 -1.1359660e+000
  6.0000000e-002 -5.0380927e-001
  6.5000000e-002 -1.2459057e+000
  7.0000000e-002 -1.4264577e+000
  7.5000000e-002 -1.4186457e+000
  8.0000000e-002 -8.2922490e-001
  8.5000000e-002 -1.3374608e+000
  9.0000000e-002 -1.5856193e-001
  9.5000000e-002 -6.6865821e-001
  1.0000000e-001 -7.9072922e-001
  1.0500000e-001 -1.0217768e+000
  1.1000000e-001 -7.8299968e-001
  1.1500000e-001 -2.6359273e-001
  1.2000000e-001 -2.0486925e+000
  1.2500000e-001 -2.7742631e-001
  1.3000000e-001 -1.1069841e+000
  1.3500000e-001 -9.1014256e-001
  1.4000000e-001 -4.6250668e-001
  1.4500000e-001 -6.0680237e-001
  1.5000000e-001 -1.6981285e+000
  1.5500000e-001 -1.6355984e+000
  1.6000000e-001 -5.8951373e-001
  1.6500000e-001 -1.3239000e+000
  1.7000000e-001 -1.6763807e+000
  1.7500000e-001 -1.0322093e+000
  1.8000000e-001 -1.0431360e+000
  1.8500000e-001 -1.4164609e+000
  1.9000000e-001 -1.3819997e+000
  1.9500000e-001 -6.7281353e-001
  2.0000000e-001 -1.7641363e+000
  2.0500000e-001 -1.4230052e-001
  2.1000000e-001 -4.5749537e-001
  2.1500000e-001 -9.1798768e-001
  2.2000000e-001 -7.8202403e-001
  2.2500000e-001 -1.2143942e+000
  2.3000000e-001 -1.2719395e+000
  2.3500000e-001 -5.5287326e-001
  2.4000000e-001 -2.7820244e-001
  2.4500000e-001 -7.8856719e-002
  2.5000000e-001 -7.7133495e-001
  2.5500000e-001 -3.8950210e-001
  2.6000000e-001  2.9371194e-001
  2.6500000e-001  4.6015073e-001
  2.7000000e-001 -8.4829119e-001
  2.7500000e-001  4.6957136e-001
  2.8000000e-001 -7.1721405e-001
  2.8500000e-001 -9.7688330e-001
  2.9000000e-001 -3.3116854e-001
  2.9500000e-001 -6.2556843e-001
  3.0000000e-001 -5.9889147e-003
  3.0500000e-001 -2.4560103e-001
  3.1000000e-001 -1.3371277e+000
  3.1500000e-001 -2.0635819e+000
  3.2000000e-001 -2.6553770e-001
  3.2500000e-001 -1.0269978e+000
  3.3000000e-001 -5.5017820e-002
  3.3500000e-001  2.9569298e-001
  3.4000000e-001 -9.7129778e-001
  3.4500000e-001  3.6021216e-002
  3.5000000e-001 -3.7474481e-001
  3.5500000e-001 -7.3340276e-001
  3.6000000e-001  3.6126157e-001
  3.6500000e-001 -6.6983893e-001
  3.7000000e-001  2.1675204e-001
  3.7500000e-001  4.0925445e-001
  3.8000000e-001 -1.4125997e+000
  3.8500000e-001  1.1212978e+000
  3.9000000e-001  3.3932451e-001
  3.9500000e-001  2.0111656e-001
  4.0000000e-001 -6.9260204e-001
  4.0500000e-001 -4.2286674e-001
  4.1000000e-001 -9.6491370e-001
  4.1500000e-001 -8.9770091e-001
  4.2000000e-001 -6.9616404e-001
  4.2500000e-001  6.1099100e-002
  4.3000000e-001  7.0317139e-001
  4.3500000e-001  4.7119636e-001
  4.4000000e-001 -4.3300767e-001
  4.4500000e-001 -1.2607131e+000
  4.5000000e-001 -3.7934707e-002
  4.5500000e-001 -5.0860685e-001
  4.6000000e-001 -1.0150430e+000
  4.6500000e-001  1.1428084e-001
  4.7000000e-001  1.9649872e-001
  4.7500000e-001  3.4984460e-001
  4.8000000e-001 -1.9592214e-001
  4.8500000e-001 -2.5584152e-001
  4.9000000e-001 -1.3431382e-001
  4.9500000e-001 -1.0286881e-001
  5.0000000e-001  1.0878853e-001
  5.0500000e-001  8.5785466e-001
  5.1000000e-001  9.1174903e-002
  5.1500000e-001  3.7244018e-001
  5.2000000e-001  1.1028209e+000
  5.2500000e-001 -9.1153339e-002
  5.3000000e-001  4.5916469e-001
  5.3500000e-001  2.5671883e-001
  5.4000000e-001 -2.9922120e-001
  5.4500000e-001 -1.1260280e+000
  5.5000000e-001 -1.0330363e+000
  5.5500000e-001 -1.2088148e-003
  5.6000000e-001 -1.1808736e-001
  5.6500000e-001 -1.3085379e-003
  5.7000000e-001 -4.8966233e-001
  5.7500000e-001  3.4700659e-001
  5.8000000e-001  3.5267688e-001
  5.8500000e-001 -9.5986089e-002
  5.9000000e-001  6.5787199e-001
  5.9500000e-001 -5.2752738e-001
  6.0000000e-001 -2.1938952e-001
  6.0500000e-001  1.9808652e-001
  6.1000000e-001 -3.1048240e-001
  6.1500000e-001  9.7010234e-001
  6.2000000e-001  1.1154369e+000
  6.2500000e-001  5.0065256e-001
  6.3000000e-001 -3.0503159e-001
  6.3500000e-001  7.4090987e-001
  6.4000000e-001 -8.5252745e-001
  6.4500000e-001  1.7246645e-001
  6.5000000e-001  2.0552528e+000
  6.5500000e-001  6.8752863e-001
  6.6000000e-001 -9.3197012e-002
  6.6500000e-001  9.3884103e-001
  6.7000000e-001  3.6734818e-001
  6.7500000e-001  1.0401667e+000
  6.8000000e-001  3.5338787e-001
  6.8500000e-001  1.2200165e+000
  6.9000000e-001  1.0665192e+000
  6.9500000e-001  6.8194244e-001
  7.0000000e-001  4.3815328e-001
  7.0500000e-001  7.2834482e-001
  7.1000000e-001  5.1749423e-001
  7.1500000e-001  5.8571242e-001
  7.2000000e-001  9.8734959e-001
  7.2500000e-001  2.5117798e-001
  7.3000000e-001  2.6067011e-001
  7.3500000e-001  6.6921321e-001
  7.4000000e-001  3.2114188e-001
  7.4500000e-001 -4.9538017e-002
  7.5000000e-001  1.1422741e+000
  7.5500000e-001  5.8528879e-001
  7.6000000e-001 -5.4379100e-002
  7.6500000e-001  5.4231285e-001
  7.7000000e-001  6.7818367e-001
  7.7500000e-001 -4.0671762e-001
  7.8000000e-001  9.1743584e-002
  7.8500000e-001 -1.2741385e-001
  7.9000000e-001  1.3443659e+000
  7.9500000e-001  7.2862727e-001
  8.0000000e-001  1.3653953e+000
  8.0500000e-001  1.0977817e+000
  8.1000000e-001  1.0662654e+000
  8.1500000e-001  4.9611507e-001
  8.2000000e-001  9.8681126e-001
  8.2500000e-001  1.8617259e-001
  8.3000000e-001  4.9875193e-001
  8.3500000e-001  5.3683133e-001
  8.4000000e-001  9.7552826e-001
  8.4500000e-001 -1.3668546e-002
  8.5000000e-001  1.9717026e-001
  8.5500000e-001  9.9691178e-001
  8.6000000e-001  1.6394909e+000
  8.6500000e-001  1.0946499e+000
  8.7000000e-001  6.9636690e-001
  8.7500000e-001  8.9959825e-001
  8.8000000e-001  9.6863076e-001
  8.8500000e-001  1.9143991e+000
  8.9000000e-001  9.0445681e-001
  8.9500000e-001  1.4154903e+000
  9.0000000e-001  9.1125241e-001
  9.0500000e-001  5.5531346e-001
  9.1000000e-001  1.1150057e+000
  9.1500000e-001  1.4904706e+000
  9.2000000e-001  1.3647754e-001
  9.2500000e-001  4.2697391e-001
  9.3000000e-001  8.8005139e-001
  9.3500000e-001  1.2109235e+000
  9.4000000e-001  5.2021377e-001
  9.4500000e-001  6.6028070e-001
  9.5000000e-001  1.2991350e+000
  9.5500000e-001  3.2246995e-001
  9.6000000e-001  1.5159591e+000
  9.6500000e-001  1.4256246e+000
  9.7000000e-001  6.7435631e-001
  9.7500000e-001  1.3269225e+000
  9.8000000e-001  1.6450846e+000
  9.8500000e-001  1.1561794e+000
  9.9000000e-001  1.4292930e+000
  9.9500000e-001  1.0642117e+000
  1.0000000e+000  1.0082839e+000
