2
7

        0.1213354391         0.0618204197         0.1887220884         0.2590871809         0.1277083813         0.1143420459         0.1269844447 

               -2.09                -2.27 

                0.07                -0.00 
               -0.00                 0.24 



                1.16                 3.01 

                5.89                -3.02 
               -3.02                 1.55 



               -4.01                -2.78 

                3.22                 1.59 
                1.59                 0.84 



               -1.98                 1.97 

                0.77                 0.29 
                0.29                 0.90 



                1.83                 2.10 

                0.18                -0.06 
               -0.06                 0.42 



                0.70                 2.07 

                4.97                 0.98 
                0.98                 0.20 



                2.25                 0.44 

                1.48                 1.17 
                1.17                 1.49 



