3
7

        0.1428571429         0.1428571429         0.1428571429         0.1428571429         0.1428571429         0.1428571429         0.1428571429 

               -0.82                 0.72                 1.95 

                0.09                 0.21                -0.34 
                2.03                -1.19                -0.20 
                2.62                 3.94                 3.09 



               -5.61                -6.87                -5.91 

                0.09                 0.21                -0.34 
                2.03                -1.19                -0.20 
                2.62                 3.94                 3.09 



               -4.57                 1.90                -0.42 

                0.09                 0.21                -0.34 
                2.03                -1.19                -0.20 
                2.62                 3.94                 3.09 



               -3.09                -3.65                -2.89 

                0.09                 0.21                -0.34 
                2.03                -1.19                -0.20 
                2.62                 3.94                 3.09 



               -3.17                -4.06                -3.23 

                0.09                 0.21                -0.34 
                2.03                -1.19                -0.20 
                2.62                 3.94                 3.09 



               -3.60                 2.64                 0.49 

                0.09                 0.21                -0.34 
                2.03                -1.19                -0.20 
                2.62                 3.94                 3.09 



               -7.68                -8.44                -7.38 

                0.09                 0.21                -0.34 
                2.03                -1.19                -0.20 
                2.62                 3.94                 3.09 



